212 222
240 397
30 53
388 393
389 399
4 16
456 460
524 529
530 544
582 586
609 637
792 896
811 884
815 895
824 889
829 918
841 879
845 880
860 875
248 926
661 927
54 928
251 929
258 930
775 931
206 932
515 933
220 934
613 935
75 936
72 937
481 938
30 939
496 940
784 941
730 942
625 943
6 944
731 945
386 946
102 947
314 948
507 949
283 950
855 951
770 952
750 953
758 954
733 955
28 956
826 957
211 958
579 959
588 960
231 961
509 962
186 963
749 964
135 965
696 966
183 967
802 968
435 969
823 970
824 971
725 972
204 973
23 974
744 975
159 976
453 977
225 978
686 979
673 980
789 981
781 982
895 983
38 984
455 985
635 986
837 987
871 988
666 989
884 990
553 991
701 992
606 993
83 994
355 995
879 996
137 997
228 998
885 999
524 1000
365 1001
205 1002
305 1003
566 1004
881 1005
106 1006
804 1007
43 1008
440 1009
301 1010
383 1011
762 1012
689 1013
475 1014
615 1015
293 1016
221 1017
351 1018
745 1019
598 1020
461 1021
670 1022
680 1023
429 1024
729 1025
